[]
SPLITSIZE=1.000000e-003
SPLITSIZEX=5.000000e+001
SPLITSIZEY=5.000000e+001
FORCESPLIT=0
FORCEALLSPLIT=0

[NOTITLE]
FOCUSLENGTH=0.000000e+000

