[NOTITLE]
PARTDIAMETER=1.000000e+001
FOCUSLENGTH=1.600000e+002
CYLIINDERROTATEX=0

