[LASERMODE]
YAG=1

[Default]
LOOP=1
MARKSPEED=5.000000e+002
POWERRATIO=5.000000e+001
FREQ=20000
STARTTC=300
ENDTC=300
POLYTC=100
JUMPSPEED=4.000000e+003
JUMPPOSTC=500
JUMPDISTTC=100
ENDCOMP=0.000000e+000
ACCDIST=0.000000e+000
POINTTIME=1.000000e-001
CURRENT=1.000000e+000
PULSEMODE=0
PULSENUM=1

[qq]
LOOP=1
MARKSPEED=1.000000e+003
POWERRATIO=5.000000e+001
FREQ=20000
STARTTC=300
ENDTC=300
POLYTC=100
JUMPSPEED=4.000000e+003
JUMPPOSTC=500
JUMPDISTTC=100
ENDCOMP=0.000000e+000
ACCDIST=0.000000e+000
POINTTIME=1.000000e-001
CURRENT=1.000000e+000
PULSEMODE=0
PULSENUM=1

[new]
LOOP=1
MARKSPEED=1.000000e+003
POWERRATIO=5.000000e+001
FREQ=20000
STARTTC=300
ENDTC=300
POLYTC=100
JUMPSPEED=4.000000e+003
JUMPPOSTC=500
JUMPDISTTC=100
ENDCOMP=0.000000e+000
ACCDIST=0.000000e+000
POINTTIME=1.000000e-001
CURRENT=1.000000e+000
PULSEMODE=0
PULSENUM=1

